# gamble_id, class_id, h_ret, h_prob, m_ret, m_prob, l_ret, l_prob
0, 2, 0.031961, 0.285609, 0.003578, 0.605482, 0.000291
1, 15, 0.021002, 0.181699, 0.016634, 0.532032, 0.002307
2, 3, 0.019259, 0.342599, 0.002782, 0.594289, 0.002084
3, 2, 0.006877, 0.170047, 0.006492, 0.528508, 0.006427
4, 7, 0.030433, 0.228828, 0.017343, 0.443273, 0.001628
5, 6, 0.014962, 0.076283, 0.014177, 0.622705, 0.014051
6, 11, 0.009694, 0.096927, 0.004522, 0.468010, 0.000613
7, 15, 0.011835, 0.437146, 0.007785, 0.464468, 0.007681
8, 12, 0.019858, 0.312274, 0.016218, 0.671575, 0.014335
9, 5, 0.016550, 0.231315, 0.010116, 0.626124, 0.005348
10, 3, 0.016637, 0.213793, 0.010192, 0.742812, 0.010078
11, 2, 0.017667, 0.279269, 0.013533, 0.410470, 0.009328
12, 4, 0.039452, 0.237221, 0.009497, 0.527009, 0.002116
13, 10, 0.004160, 0.179409, 0.001651, 0.581365, 0.001635
14, 0, 0.032881, 0.030422, 0.013537, 0.773450, 0.012357
15, 7, 0.019319, 0.359614, 0.015852, 0.522430, 0.014598
16, 5, 0.038727, 0.190194, 0.012476, 0.740710, 0.008311
17, 9, 0.043100, 0.227483, 0.003059, 0.548011, 0.001557
18, 14, 0.019809, 0.305071, 0.011491, 0.453169, 0.011120
19, 3, 0.010169, 0.199336, 0.007901, 0.671136, 0.007558
20, 10, 0.019771, 0.015351, 0.015524, 0.922227, 0.009285
21, 0, 0.036039, 0.250559, 0.009806, 0.712567, 0.009374
22, 1, 0.032443, 0.216585, 0.012775, 0.655227, 0.011963
23, 12, 0.019596, 0.225887, 0.010704, 0.423592, 0.007617
24, 15, 0.013555, 0.309120, 0.003994, 0.566411, 0.002648
25, 8, 0.009649, 0.300529, 0.002742, 0.453148, 0.000684
26, 5, 0.042476, 0.137754, 0.010237, 0.763572, 0.005776
27, 2, 0.020123, 0.086438, 0.016454, 0.582376, 0.016379
28, 11, 0.020491, 0.087768, 0.013003, 0.762539, 0.005290
29, 14, 0.002083, 0.309181, 0.001224, 0.680586, 0.001196
30, 14, 0.016797, 0.244656, 0.016778, 0.550195, 0.012339
31, 15, 0.082305, 0.027079, 0.016780, 0.573113, 0.011701
32, 10, 0.028227, 0.221821, 0.002109, 0.538996, 0.000652
33, 7, 0.003327, 0.221911, 0.001760, 0.693871, 0.000015
34, 0, 0.020335, 0.145860, 0.005140, 0.669427, 0.000448
35, 14, 0.043708, 0.091593, 0.015717, 0.586036, 0.012858
36, 1, 0.005965, 0.172259, 0.004062, 0.791760, 0.003804
37, 10, 0.010729, 0.238173, 0.003541, 0.533962, 0.000968
38, 5, 0.054232, 0.125070, 0.012690, 0.580255, 0.010541
39, 2, 0.114069, 0.037572, 0.018384, 0.506786, 0.005248
40, 14, 0.086395, 0.012921, 0.009805, 0.901950, 0.008870
41, 11, 0.018415, 0.100006, 0.006827, 0.789638, 0.005722
42, 2, 0.022813, 0.109620, 0.011505, 0.774836, 0.009118
43, 15, 0.017416, 0.336854, 0.005820, 0.550437, 0.005683
44, 3, 0.008563, 0.292542, 0.006312, 0.617146, 0.004312
45, 6, 0.042126, 0.137039, 0.012660, 0.586726, 0.008547
46, 2, 0.016346, 0.248874, 0.013895, 0.455761, 0.013528
47, 15, 0.005016, 0.380273, 0.004035, 0.517212, 0.003339
48, 7, 0.000653, 0.333240, 0.000586, 0.512090, 0.000558
49, 0, 0.028840, 0.103669, 0.002860, 0.407637, 0.000711
50, 11, 0.020579, 0.175584, 0.016323, 0.653309, 0.015792
51, 10, 0.002972, 0.208694, 0.002638, 0.562368, 0.002127
52, 10, 0.039604, 0.138142, 0.012006, 0.712063, 0.009500
53, 15, 0.019428, 0.242829, 0.016815, 0.519049, 0.012537
54, 13, 0.009276, 0.188217, 0.002952, 0.798827, 0.002417
55, 3, 0.007779, 0.122894, 0.006668, 0.568366, 0.006521
56, 13, 0.017660, 0.058689, 0.015845, 0.527855, 0.005184
57, 10, 0.033950, 0.240278, 0.006242, 0.558854, 0.000944
58, 0, 0.011195, 0.302806, 0.010422, 0.681576, 0.010157
59, 15, 0.028083, 0.036570, 0.014214, 0.711202, 0.013695
60, 13, 0.077212, 0.124792, 0.010859, 0.525885, 0.003921
61, 9, 0.028928, 0.238313, 0.012452, 0.613371, 0.010895
62, 2, 0.040371, 0.102531, 0.004409, 0.697461, 0.000972
63, 9, 0.001243, 0.140740, 0.000392, 0.698268, 0.000254
64, 0, 0.002554, 0.211177, 0.002171, 0.767053, 0.000409
65, 9, 0.022662, 0.422156, 0.010722, 0.417305, 0.009379
66, 0, 0.057301, 0.208930, 0.008402, 0.591581, 0.000837
67, 14, 0.075189, 0.030680, 0.006419, 0.679664, 0.004740
68, 8, 0.000587, 0.117839, 0.000382, 0.781677, 0.000112
69, 10, 0.007561, 0.164203, 0.002756, 0.662001, 0.002390
70, 3, 0.018558, 0.408119, 0.017855, 0.429131, 0.007706
71, 15, 0.000290, 0.181346, 0.000276, 0.584122, 0.000259
72, 9, 0.000323, 0.178328, 0.000253, 0.691314, 0.000244
73, 10, 1.479802, 0.003731, 0.003456, 0.979907, 0.002789
74, 13, 0.003366, 0.162540, 0.003252, 0.743889, 0.002787
75, 3, 0.130179, 0.058405, 0.007860, 0.578046, 0.005121
76, 5, 0.003027, 0.060512, 0.000628, 0.638891, 0.000403
77, 13, 0.013173, 0.207317, 0.002689, 0.466947, 0.000303
78, 12, 0.012726, 0.156319, 0.005450, 0.538725, 0.002783
79, 5, 0.081357, 0.106308, 0.011413, 0.642845, 0.005530
80, 14, 0.030712, 0.216355, 0.008868, 0.466890, 0.005975
81, 1, 0.013200, 0.238532, 0.011510, 0.464440, 0.010959
82, 0, 0.045841, 0.098513, 0.009343, 0.792425, 0.006855
83, 12, 0.058939, 0.010399, 0.012383, 0.578740, 0.007866
84, 2, 0.005243, 0.257452, 0.004658, 0.599571, 0.002901
85, 14, 0.015237, 0.060835, 0.010926, 0.658119, 0.008206
86, 14, 0.011541, 0.236838, 0.006846, 0.642098, 0.003621
87, 2, 0.010943, 0.192911, 0.006993, 0.638066, 0.006546
88, 8, 0.016516, 0.114832, 0.005497, 0.743577, 0.000009
89, 11, 0.005772, 0.132409, 0.002968, 0.698167, 0.001748
90, 1, 0.076618, 0.112981, 0.002488, 0.522822, 0.001580
91, 12, 0.033861, 0.191168, 0.013357, 0.563553, 0.009222
92, 7, 0.030518, 0.059343, 0.005200, 0.741640, 0.004468
93, 10, 0.015846, 0.214086, 0.012391, 0.408145, 0.011571
94, 4, 0.029614, 0.281131, 0.011710, 0.443737, 0.001393
95, 10, 0.117322, 0.114499, 0.004307, 0.652620, 0.000651
96, 5, 0.003036, 0.252377, 0.002853, 0.524503, 0.001476
97, 4, 0.018224, 0.207905, 0.005862, 0.527331, 0.005662
98, 4, 0.048878, 0.176917, 0.009004, 0.611934, 0.005686
99, 7, 0.042038, 0.166486, 0.007775, 0.608123, 0.006844
100, 13, 0.020641, 0.112316, 0.006060, 0.545454, 0.001778
101, 15, 0.023530, 0.232531, 0.014463, 0.604661, 0.001725
102, 15, 0.018231, 0.174486, 0.010760, 0.574730, 0.009686
103, 7, 0.029814, 0.260752, 0.010328, 0.496192, 0.005334
104, 10, 0.013341, 0.210570, 0.011179, 0.590350, 0.011057
105, 5, 0.008876, 0.308517, 0.003997, 0.604627, 0.002925
106, 5, 0.023778, 0.329876, 0.011652, 0.412064, 0.009213
107, 4, 0.015535, 0.262855, 0.006156, 0.583331, 0.005253
108, 7, 0.034219, 0.146929, 0.004530, 0.648678, 0.003457
109, 9, 0.005695, 0.153723, 0.005316, 0.520201, 0.004965
110, 14, 0.013454, 0.259021, 0.008164, 0.658645, 0.002754
111, 6, 0.010785, 0.327933, 0.006944, 0.593363, 0.006865
112, 6, 0.015887, 0.343489, 0.001936, 0.465239, 0.000979
113, 6, 0.006502, 0.313038, 0.002991, 0.624632, 0.002641
114, 7, 0.022150, 0.273344, 0.001116, 0.648072, 0.000013
115, 5, 0.031944, 0.175078, 0.001862, 0.571134, 0.001190
116, 5, 0.034311, 0.199265, 0.000549, 0.606580, 0.000116
117, 14, 0.032878, 0.103649, 0.011918, 0.673340, 0.005877
118, 13, 0.028149, 0.277792, 0.015177, 0.613775, 0.002894
119, 13, 0.002092, 0.257968, 0.001225, 0.588707, 0.000808
120, 0, 0.042279, 0.187236, 0.001567, 0.698101, 0.001482
121, 3, 0.019283, 0.242026, 0.005397, 0.603635, 0.002822
122, 11, 0.024609, 0.132181, 0.015447, 0.579700, 0.014496
123, 10, 0.022274, 0.297076, 0.018297, 0.517888, 0.000159
124, 0, 0.018688, 0.027734, 0.000293, 0.682378, 0.000219
125, 8, 0.005399, 0.223866, 0.004896, 0.559072, 0.003985
126, 13, 0.016431, 0.305053, 0.015352, 0.463794, 0.015333
127, 9, 0.018678, 0.204201, 0.005487, 0.444756, 0.004604
128, 6, 0.012907, 0.294899, 0.010575, 0.467166, 0.010224
129, 3, 0.020476, 0.258400, 0.010908, 0.625546, 0.010338
130, 7, 0.013397, 0.109267, 0.008281, 0.490905, 0.006654
131, 6, 0.021319, 0.333193, 0.019443, 0.427595, 0.003355
132, 4, 0.083459, 0.187175, 0.000813, 0.577927, 0.000043
133, 12, 0.017955, 0.130856, 0.015466, 0.698002, 0.013916
134, 11, 0.023346, 0.210882, 0.004584, 0.687130, 0.004366
135, 14, 0.008241, 0.210913, 0.003499, 0.496046, 0.000498
136, 6, 0.022409, 0.306231, 0.007390, 0.411833, 0.005005
137, 9, 0.000520, 0.059001, 0.000189, 0.802041, 0.000182
138, 5, 0.046611, 0.057079, 0.002830, 0.555119, 0.000674
139, 2, 0.035644, 0.175262, 0.014405, 0.570070, 0.003201
140, 8, 0.003691, 0.344313, 0.003025, 0.553904, 0.002735
141, 2, 0.031630, 0.147607, 0.012529, 0.699344, 0.008805
142, 3, 0.006749, 0.171641, 0.002547, 0.653843, 0.001794
143, 7, 0.028271, 0.192446, 0.007949, 0.589675, 0.005316
144, 7, 0.019601, 0.305009, 0.011397, 0.510071, 0.009267
145, 5, 0.011575, 0.033685, 0.002938, 0.586504, 0.002792
146, 12, 0.003229, 0.194585, 0.002504, 0.645085, 0.001918
147, 10, 0.017435, 0.209119, 0.013336, 0.550564, 0.010480
148, 2, 0.442037, 0.002363, 0.002276, 0.460405, 0.002120
149, 14, 0.007778, 0.240389, 0.007593, 0.617126, 0.007520
150, 14, 0.010917, 0.154785, 0.009402, 0.804653, 0.008972
151, 15, 0.017034, 0.389517, 0.014024, 0.590663, 0.013728
152, 0, 0.015635, 0.248108, 0.009354, 0.524674, 0.005302
153, 14, 0.016976, 0.314208, 0.006624, 0.570835, 0.006417
154, 15, 0.077079, 0.132757, 0.007164, 0.736916, 0.006115
155, 4, 0.006100, 0.244514, 0.003637, 0.574336, 0.001054
156, 11, 0.017043, 0.302960, 0.008609, 0.600031, 0.007191
157, 6, 0.118918, 0.067343, 0.010171, 0.593623, 0.001586
158, 8, 0.014494, 0.027138, 0.001275, 0.695280, 0.000284
159, 4, 0.001537, 0.408385, 0.001361, 0.429111, 0.000324
160, 4, 0.014346, 0.168503, 0.013422, 0.688526, 0.012577
161, 11, 0.007037, 0.123356, 0.004860, 0.700487, 0.004842
162, 14, 0.024466, 0.243623, 0.011881, 0.553429, 0.011227
163, 6, 0.477778, 0.007256, 0.017229, 0.696477, 0.003620
164, 0, 0.014917, 0.171305, 0.010939, 0.565679, 0.005381
165, 2, 0.010013, 0.302298, 0.008708, 0.566884, 0.000354
166, 11, 0.003924, 0.307808, 0.002682, 0.415703, 0.001977
167, 11, 0.004140, 0.132125, 0.001224, 0.769385, 0.000744
168, 12, 0.208568, 0.029133, 0.010491, 0.602480, 0.003752
169, 12, 0.020158, 0.331875, 0.015885, 0.627551, 0.002663
170, 6, 0.016034, 0.084299, 0.006292, 0.479696, 0.003061
171, 5, 0.019859, 0.275248, 0.016303, 0.430782, 0.000157
172, 9, 0.019423, 0.154968, 0.014102, 0.644245, 0.008909
173, 4, 0.009846, 0.178391, 0.006138, 0.567658, 0.005355
174, 10, 0.011370, 0.262745, 0.002675, 0.539673, 0.002131
175, 9, 0.018310, 0.142640, 0.009030, 0.620659, 0.006755
176, 15, 0.004619, 0.174658, 0.001502, 0.646488, 0.000463
177, 7, 0.015854, 0.228029, 0.007804, 0.579031, 0.003112
178, 9, 0.014275, 0.326060, 0.007317, 0.649983, 0.004077
179, 1, 0.080711, 0.018752, 0.007691, 0.638149, 0.003076
180, 10, 0.004767, 0.242367, 0.003305, 0.535122, 0.002807
181, 14, 0.020235, 0.306480, 0.005291, 0.669257, 0.000080
182, 3, 0.008830, 0.405942, 0.002712, 0.584825, 0.001218
183, 9, 0.009946, 0.162525, 0.006892, 0.620977, 0.000683
184, 9, 0.063424, 0.207173, 0.004013, 0.454202, 0.000012
185, 2, 0.025147, 0.257422, 0.011193, 0.557271, 0.007968
186, 3, 0.077877, 0.057613, 0.002784, 0.673056, 0.002520
187, 8, 0.118499, 0.061328, 0.013403, 0.401221, 0.001494
188, 10, 0.023321, 0.132314, 0.007466, 0.825538, 0.003376
189, 7, 0.034446, 0.337301, 0.009681, 0.505388, 0.005877
190, 3, 0.169004, 0.028114, 0.002473, 0.752390, 0.000761
191, 5, 0.014515, 0.008978, 0.000330, 0.571319, 0.000244
192, 13, 0.011862, 0.212838, 0.003597, 0.648831, 0.001248
193, 10, 0.034813, 0.133513, 0.011179, 0.455901, 0.007944
194, 12, 0.066000, 0.141901, 0.008490, 0.737877, 0.007357
195, 13, 0.027018, 0.316207, 0.010382, 0.596813, 0.006050
196, 7, 0.007888, 0.302330, 0.006154, 0.422234, 0.004783
197, 3, 0.002126, 0.361517, 0.000560, 0.573614, 0.000456
198, 14, 0.000055, 0.118417, 0.000023, 0.683936, 0.000015
199, 14, 0.047722, 0.102470, 0.006967, 0.583593, 0.006307
200, 14, 0.000386, 0.139444, 0.000133, 0.793806, 0.000101
201, 4, 0.019618, 0.239036, 0.003610, 0.655994, 0.000502
202, 9, 0.012393, 0.221317, 0.005749, 0.694672, 0.000309
203, 12, 0.016748, 0.090581, 0.012028, 0.699732, 0.011002
204, 2, 0.001128, 0.266665, 0.000679, 0.628025, 0.000344
205, 7, 0.014577, 0.452023, 0.006634, 0.407590, 0.004608
206, 7, 0.016979, 0.114445, 0.014349, 0.635740, 0.012570
207, 8, 0.084985, 0.140739, 0.006666, 0.607344, 0.000743

